99 25 25
88 25 25
77 25 25
66 25 25
55 25 25
44 25 25
33 17 17
22 459 828
11 459 828
3 200 199
89 25 25
78 25 25
67 25 25
56 25 25
45 25 25
34 123 13
23 459 828
12 459 828
4 100 100
79 25 25
68 25 25
57 25 25
46 25 25
35 25 25
24 60 25
13 459 828
5 300 300
69 25 25
58 25 25
47 25 25
36 25 25
25 44 25
14 459 828
6 459 828
59 25 25
48 25 25
37 25 25
26 13 13
15 459 828
7 459 828
49 25 25
38 25 25
27 16 17
16 459 828
8 459 828
39 25 25
28 17 17
17 459 828
9 459 828
29 13 13
18 459 828
90 25 25
19 459 828
91 25 25
80 25 25
92 25 25
81 25 25
70 25 25
93 25 25
82 25 25
71 24 24
60 25 25
94 25 25
83 25 25
72 25 25
61 25 25
50 25 25
95 25 25
84 25 25
73 25 25
62 25 25
51 25 25
40 25 25
96 25 25
85 25 25
74 25 25
63 25 25
52 25 25
41 25 25
30 16 17
97 25 25
86 25 25
75 25 25
64 25 25
53 25 25
42 25 25
31 17 17
20 459 828
98 25 25
87 25 25
76 25 25
65 25 25
54 25 25
43 25 25
32 16 17
21 459 828
10 459 828
